11
MG543732.1 0.0000000 0.0000010 0.0000010 0.0000010 0.0000010 0.0000010 0.0000010 0.0019443 0.0019443 0.0000010 0.0000010 
PQ269859.1 0.0000010 0.0000000 0.0000010 0.0000010 0.0000010 0.0000010 0.0000010 0.0019443 0.0019443 0.0000010 0.0000010 
KM513579.1 0.0000010 0.0000010 0.0000000 0.0000010 0.0000010 0.0000010 0.0000010 0.0019481 0.0019481 0.0000010 0.0000010 
MK243486.1 0.0000010 0.0000010 0.0000010 0.0000000 0.0000010 0.0000010 0.0000010 0.0019481 0.0019481 0.0000010 0.0000010 
OP238466.1 0.0000010 0.0000010 0.0000010 0.0000010 0.0000000 0.0000010 0.0000010 0.0019519 0.0019519 0.0000010 0.0000010 
MW016414.1 0.0000010 0.0000010 0.0000010 0.0000010 0.0000010 0.0000000 0.0000010 0.0019557 0.0019557 0.0000010 0.0000010 
JN624882.1 0.0000010 0.0000010 0.0000010 0.0000010 0.0000010 0.0000010 0.0000000 0.0019557 0.0019557 0.0000010 0.0000010 
OR519986.1 0.0019443 0.0019443 0.0019481 0.0019481 0.0019519 0.0019557 0.0019557 0.0000000 0.0000010 0.0019443 0.0019595 
MT039382.1 0.0019443 0.0019443 0.0019481 0.0019481 0.0019519 0.0019557 0.0019557 0.0000010 0.0000000 0.0019443 0.0019595 
KF435851.1 0.0000010 0.0000010 0.0000010 0.0000010 0.0000010 0.0000010 0.0000010 0.0019443 0.0019443 0.0000000 0.0000010 
JX178952.1 0.0000010 0.0000010 0.0000010 0.0000010 0.0000010 0.0000010 0.0000010 0.0019595 0.0019595 0.0000010 0.0000000 
