20
PQ699345.1 0.0000000 0.0788512 0.2216541 0.1656706 0.2719339 0.0762726 0.2862112 0.0000010 0.0000010 0.0799969 0.0381732 0.0381732 0.1233078 0.0779631 0.1617539 0.1617539 0.0779631 0.1189005 0.0383246 0.2862112 
KX925279.1 0.0788512 0.0000000 0.1649630 0.0758242 0.3086485 0.1642613 0.2196207 0.0383246 0.0388640 0.0390073 0.0000010 0.0000010 0.1689318 0.0380980 0.1189005 0.1189005 0.0380980 0.0774947 0.0000010 0.3247281 
PQ302374.1 0.2216541 0.1649630 0.0000000 0.2593916 0.1167519 0.3801370 0.0383105 0.0384007 0.0388640 0.0390863 0.0000010 0.0000010 0.1693021 0.0381732 0.1191442 0.1191442 0.0381732 0.0776502 0.0000010 0.1207347 
FJ037739.1 0.1656706 0.0758242 0.2593916 0.0000000 0.4123534 0.1642613 0.3239498 0.0784373 0.0795662 0.0799969 0.0381732 0.0381732 0.1235712 0.0000010 0.0774947 0.0774947 0.0000010 0.0378740 0.0383246 0.3247281 
GU066649.1 0.2719339 0.3086485 0.1167519 0.4123534 0.0000000 0.4349193 0.1646114 0.0782786 0.0794030 0.1681961 0.1198810 0.1198810 0.2159173 0.1631103 0.2530211 0.2530211 0.1631103 0.2070171 0.1203773 0.1646114 
MK281561.1 0.0762726 0.1642613 0.3801370 0.1642613 0.4349193 0.0000000 0.4640611 0.0782786 0.0794030 0.1681961 0.1198810 0.1198810 0.1233078 0.0779631 0.1617539 0.1617539 0.0779631 0.1189005 0.1203773 0.4640611 
GU066664.1 0.2862112 0.2196207 0.0383105 0.3239498 0.1646114 0.4640611 0.0000000 0.0810049 0.0822136 0.0826837 0.0393252 0.0393252 0.2258370 0.0804977 0.1681961 0.1681961 0.0804977 0.1230456 0.0394861 0.1713664 
MN651487.1 0.0000010 0.0383246 0.0384007 0.0784373 0.0782786 0.0782786 0.0810049 0.0000000 0.0000010 0.0810049 0.0383246 0.0383246 0.1243681 0.0784373 0.1637971 0.1637971 0.0784373 0.1203773 0.0383246 0.0000010 
KC213981.1 0.0000010 0.0388640 0.0388640 0.0795662 0.0794030 0.0794030 0.0822136 0.0000010 0.0000000 0.0822136 0.0391791 0.0391791 0.1268218 0.0800601 0.1662465 0.1662465 0.0800601 0.1221470 0.0393386 0.0000010 
GU066708.1 0.0799969 0.0390073 0.0390863 0.0799969 0.1681961 0.1681961 0.0826837 0.0810049 0.0822136 0.0000000 0.0393252 0.0393252 0.1193888 0.0804977 0.1681961 0.1681961 0.0804977 0.1230456 0.0394861 0.0801631 
MK333969.1 0.0381732 0.0000010 0.0000010 0.0381732 0.1198810 0.1198810 0.0393252 0.0383246 0.0391791 0.0393252 0.0000000 0.0000010 0.1696741 0.0381732 0.1198810 0.1198810 0.0381732 0.0781205 0.0000010 0.0382488 
OR416457.1 0.0381732 0.0000010 0.0000010 0.0381732 0.1198810 0.1198810 0.0393252 0.0383246 0.0391791 0.0393252 0.0000010 0.0000000 0.1696741 0.0381732 0.1198810 0.1198810 0.0381732 0.0781205 0.0000010 0.0382488 
ON035594.1 0.1233078 0.1689318 0.1693021 0.1235712 0.2159173 0.1233078 0.2258370 0.1243681 0.1268218 0.1193888 0.1696741 0.1696741 0.0000000 0.1238357 0.1233078 0.1233078 0.1238357 0.1689318 0.1704228 0.1235712 
MT102322.1 0.0779631 0.0380980 0.0381732 0.0000010 0.1631103 0.0779631 0.0804977 0.0784373 0.0800601 0.0804977 0.0381732 0.0381732 0.1238357 0.0000000 0.0779631 0.0779631 0.0000010 0.0380980 0.0383246 0.0781205 
MN424515.1 0.1617539 0.1189005 0.1191442 0.0774947 0.2530211 0.1617539 0.1681961 0.1637971 0.1662465 0.1681961 0.1198810 0.1198810 0.1233078 0.0779631 0.0000000 0.0000010 0.0779631 0.1189005 0.1203773 0.1620909 
MN424525.1 0.1617539 0.1189005 0.1191442 0.0774947 0.2530211 0.1617539 0.1681961 0.1637971 0.1662465 0.1681961 0.1198810 0.1198810 0.1233078 0.0779631 0.0000010 0.0000000 0.0779631 0.1189005 0.1203773 0.1620909 
ON845675.1 0.0779631 0.0380980 0.0381732 0.0000010 0.1631103 0.0779631 0.0804977 0.0784373 0.0800601 0.0804977 0.0381732 0.0381732 0.1238357 0.0000010 0.0779631 0.0779631 0.0000000 0.0380980 0.0383246 0.0781205 
ON627830.1 0.1189005 0.0774947 0.0776502 0.0378740 0.2070171 0.1189005 0.1230456 0.1203773 0.1221470 0.1230456 0.0781205 0.0781205 0.1689318 0.0380980 0.1189005 0.1189005 0.0380980 0.0000000 0.0784373 0.1191442 
MK333970.1 0.0383246 0.0000010 0.0000010 0.0383246 0.1203773 0.1203773 0.0394861 0.0383246 0.0393386 0.0394861 0.0000010 0.0000010 0.1704228 0.0383246 0.1203773 0.1203773 0.0383246 0.0784373 0.0000000 0.0384007 
MD-L5      0.2862112 0.3247281 0.1207347 0.3247281 0.1646114 0.4640611 0.1713664 0.0000010 0.0000010 0.0801631 0.0382488 0.0382488 0.1235712 0.0781205 0.1620909 0.1620909 0.0781205 0.1191442 0.0384007 0.0000000 
