21
KY965395.1 0.0000000 0.0225617 0.0159598 0.0143315 0.0143315 0.0143564 0.0225981 0.0159598 0.0159646 0.0225649 0.0145712 0.0145712 0.0148342 0.0148342 0.0192695 0.0150357 0.0211067 0.0142570 0.0319238 0.0288721 0.4621184 
MG837526.1 0.0225617 0.0000000 0.0094457 0.0078541 0.0078541 0.0078675 0.0031237 0.0094457 0.0094484 0.0062686 0.0079836 0.0079836 0.0081256 0.0081256 0.0062678 0.0082344 0.0121176 0.0087974 0.0245504 0.0213686 0.4785777 
KF176581.1 0.0159598 0.0094457 0.0000000 0.0015536 0.0015536 0.0015562 0.0094445 0.0031140 0.0031149 0.0094310 0.0015789 0.0015789 0.0016067 0.0016067 0.0062650 0.0016280 0.0051300 0.0017379 0.0282521 0.0251053 0.4678787 
MW186478.1 0.0143315 0.0078541 0.0015536 0.0000000 0.0000010 0.0000010 0.0078532 0.0015536 0.0015540 0.0078419 0.0000010 0.0000010 0.0000010 0.0000010 0.0046885 0.0000010 0.0034118 0.0000010 0.0264200 0.0232528 0.4731890 
JF705215.1 0.0143315 0.0078541 0.0015536 0.0000010 0.0000000 0.0000010 0.0078532 0.0015536 0.0015540 0.0078419 0.0000010 0.0000010 0.0000010 0.0000010 0.0046885 0.0000010 0.0034118 0.0000010 0.0264200 0.0232528 0.4731890 
MT159541.1 0.0143564 0.0078675 0.0015562 0.0000010 0.0000010 0.0000000 0.0078666 0.0015562 0.0015567 0.0078553 0.0000010 0.0000010 0.0000010 0.0000010 0.0046965 0.0000010 0.0034118 0.0000010 0.0264200 0.0232528 0.4747429 
MG837524.1 0.0225981 0.0031237 0.0094445 0.0078532 0.0078532 0.0078666 0.0000000 0.0094445 0.0094473 0.0062679 0.0079826 0.0079826 0.0081246 0.0081246 0.0062759 0.0082334 0.0121159 0.0070074 0.0209982 0.0177687 0.4747429 
KF176606.1 0.0159598 0.0094457 0.0031140 0.0015536 0.0015536 0.0015562 0.0094445 0.0000000 0.0031149 0.0094310 0.0015789 0.0015789 0.0016067 0.0016067 0.0062650 0.0016280 0.0051300 0.0017379 0.0282521 0.0251053 0.4782233 
MW369639.1 0.0159646 0.0094484 0.0031149 0.0015540 0.0015540 0.0015567 0.0094473 0.0031149 0.0000000 0.0094337 0.0015794 0.0015794 0.0016072 0.0016072 0.0062668 0.0016285 0.0051316 0.0017385 0.0282617 0.0251139 0.4785777 
MG837525.1 0.0225649 0.0062686 0.0094310 0.0078419 0.0078419 0.0078553 0.0062679 0.0094310 0.0094337 0.0000000 0.0079710 0.0079710 0.0081126 0.0081126 0.0031189 0.0082210 0.0120968 0.0087821 0.0245930 0.0214063 0.4840261 
KT265715.1 0.0145712 0.0079836 0.0015789 0.0000010 0.0000010 0.0000010 0.0079826 0.0015789 0.0015794 0.0079710 0.0000000 0.0000010 0.0000010 0.0000010 0.0047654 0.0000010 0.0034118 0.0000010 0.0264200 0.0232528 0.4771625 
KT265714.1 0.0145712 0.0079836 0.0015789 0.0000010 0.0000010 0.0000010 0.0079826 0.0015789 0.0015794 0.0079710 0.0000010 0.0000000 0.0000010 0.0000010 0.0047654 0.0000010 0.0034118 0.0000010 0.0264200 0.0232528 0.4771625 
PQ362741.1 0.0148342 0.0081256 0.0016067 0.0000010 0.0000010 0.0000010 0.0081246 0.0016067 0.0016072 0.0081126 0.0000010 0.0000010 0.0000000 0.0000010 0.0048497 0.0000010 0.0034118 0.0000010 0.0264200 0.0232528 0.4767620 
LC507900.1 0.0148342 0.0081256 0.0016067 0.0000010 0.0000010 0.0000010 0.0081246 0.0016067 0.0016072 0.0081126 0.0000010 0.0000010 0.0000010 0.0000000 0.0048497 0.0000010 0.0034118 0.0000010 0.0264200 0.0232528 0.4767620 
DQ102438.1 0.0192695 0.0062678 0.0062650 0.0046885 0.0046885 0.0046965 0.0062759 0.0062650 0.0062668 0.0031189 0.0047654 0.0047654 0.0048497 0.0048497 0.0000000 0.0049143 0.0086059 0.0052484 0.0245504 0.0213686 0.4728414 
LC507896.1 0.0150357 0.0082344 0.0016280 0.0000010 0.0000010 0.0000010 0.0082334 0.0016280 0.0016285 0.0082210 0.0000010 0.0000010 0.0000010 0.0000010 0.0049143 0.0000000 0.0034118 0.0000010 0.0264200 0.0232528 0.4778120 
JF701784.1 0.0211067 0.0121176 0.0051300 0.0034118 0.0034118 0.0034118 0.0121159 0.0051300 0.0051316 0.0120968 0.0034118 0.0034118 0.0034118 0.0034118 0.0086059 0.0034118 0.0000000 0.0000010 0.0304843 0.0232528 0.4776900 
MK442087.1 0.0142570 0.0087974 0.0017379 0.0000010 0.0000010 0.0000010 0.0070074 0.0017379 0.0017385 0.0087821 0.0000010 0.0000010 0.0000010 0.0000010 0.0052484 0.0000010 0.0000010 0.0000000 0.0254192 0.0216218 0.4645922 
KF372657.1 0.0319238 0.0245504 0.0282521 0.0264200 0.0264200 0.0264200 0.0209982 0.0282521 0.0282617 0.0245930 0.0264200 0.0264200 0.0264200 0.0264200 0.0245504 0.0264200 0.0304843 0.0254192 0.0000000 0.0069735 0.4807534 
MT522873.1 0.0288721 0.0213686 0.0251053 0.0232528 0.0232528 0.0232528 0.0177687 0.0251053 0.0251139 0.0214063 0.0232528 0.0232528 0.0232528 0.0232528 0.0213686 0.0232528 0.0232528 0.0216218 0.0069735 0.0000000 0.4919472 
MD-R1      0.4621184 0.4785777 0.4678787 0.4731890 0.4731890 0.4747429 0.4747429 0.4782233 0.4785777 0.4840261 0.4771625 0.4771625 0.4767620 0.4767620 0.4728414 0.4778120 0.4776900 0.4645922 0.4807534 0.4919472 0.0000000 
