21
MG980397.1 0.0000000 0.0173411 0.0102147 0.0241643 0.0069406 0.0102885 0.5441678 0.0659607 0.0485796 0.0804736 0.0770702 0.0770702 0.0416567 0.0416567 0.0844876 0.0071063 0.0557190 0.0454016 0.0598909 0.0600201 0.0168071 
EU002891.1 0.0173411 0.0000000 0.0068758 0.0068758 0.0071772 0.0177720 0.5540914 0.0457371 0.0388946 0.0605426 0.0570544 0.0570544 0.0430253 0.0430253 0.0570544 0.0144565 0.0534410 0.0469027 0.0570544 0.0570544 0.0000010 
PQ285209.1 0.0102147 0.0068758 0.0000000 0.0136876 0.0070756 0.0104638 0.5499604 0.0487152 0.0383969 0.0597622 0.0563182 0.0563182 0.0424672 0.0424672 0.0563182 0.0071063 0.0527520 0.0462905 0.0563182 0.0563182 0.0067902 
OL413441.1 0.0241643 0.0068758 0.0136876 0.0000000 0.0106812 0.0247618 0.5690178 0.0525263 0.0457493 0.0673469 0.0638832 0.0638832 0.0499565 0.0499565 0.0638832 0.0215791 0.0602802 0.0538588 0.0638832 0.0638832 0.0136876 
KR816861.1 0.0069406 0.0071772 0.0070756 0.0106812 0.0000000 0.0175603 0.5388987 0.0575396 0.0469027 0.0801597 0.0801597 0.0801597 0.0501135 0.0501135 0.0878922 0.0107149 0.0579381 0.0501135 0.0623052 0.0624450 0.0139633 
JN030357.1 0.0102885 0.0177720 0.0104638 0.0247618 0.0175603 0.0000000 0.5379628 0.0602631 0.0460900 0.0789292 0.0789292 0.0789292 0.0530442 0.0530442 0.0827750 0.0035468 0.0569304 0.0566839 0.0612086 0.0613435 0.0172478 
FJ224123.1 0.5441678 0.5540914 0.5499604 0.5690178 0.5388987 0.5379628 0.0000000 0.5904474 0.5250394 0.6045727 0.6045727 0.6045727 0.5082014 0.5082014 0.6135608 0.5466553 0.5770110 0.5048028 0.5864430 0.5864430 0.5506173 
EU250374.1 0.0659607 0.0457371 0.0487152 0.0525263 0.0575396 0.0602631 0.5904474 0.0000000 0.0660820 0.0802775 0.0768825 0.0768825 0.0781460 0.0781460 0.0733443 0.0474254 0.0698540 0.0822066 0.0631033 0.0632387 0.0549367 
JN545760.1 0.0485796 0.0388946 0.0383969 0.0457493 0.0469027 0.0460900 0.5250394 0.0660820 0.0000000 0.0516899 0.0484065 0.0484065 0.0312743 0.0312743 0.0520184 0.0440321 0.0378673 0.0349600 0.0346876 0.0347612 0.0376739 
MG543778.1 0.0804736 0.0605426 0.0597622 0.0673469 0.0801597 0.0789292 0.6045727 0.0802775 0.0516899 0.0000000 0.0000010 0.0000010 0.0705626 0.0705626 0.0133347 0.0588495 0.0169074 0.0708682 0.0000010 0.0000010 0.0764157 
MG833830.1 0.0770702 0.0570544 0.0563182 0.0638832 0.0801597 0.0789292 0.6045727 0.0768825 0.0484065 0.0000010 0.0000000 0.0000010 0.0705626 0.0705626 0.0133347 0.0588495 0.0169074 0.0708682 0.0000010 0.0000010 0.0731880 
OP630514.1 0.0770702 0.0570544 0.0563182 0.0638832 0.0801597 0.0789292 0.6045727 0.0768825 0.0484065 0.0000010 0.0000010 0.0000000 0.0705626 0.0705626 0.0133347 0.0588495 0.0169074 0.0708682 0.0000010 0.0000010 0.0731880 
FJ490761.1 0.0416567 0.0430253 0.0424672 0.0499565 0.0501135 0.0530442 0.5082014 0.0781460 0.0312743 0.0705626 0.0705626 0.0705626 0.0000000 0.0000010 0.0780005 0.0513488 0.0489951 0.0033816 0.0532240 0.0533397 0.0451129 
ON738233.1 0.0416567 0.0430253 0.0424672 0.0499565 0.0501135 0.0530442 0.5082014 0.0781460 0.0312743 0.0705626 0.0705626 0.0705626 0.0000010 0.0000000 0.0780005 0.0513488 0.0489951 0.0033816 0.0532240 0.0533397 0.0451129 
KF572468.1 0.0844876 0.0570544 0.0563182 0.0638832 0.0878922 0.0827750 0.6135608 0.0733443 0.0520184 0.0133347 0.0133347 0.0133347 0.0780005 0.0780005 0.0000000 0.0588495 0.0169268 0.0783401 0.0000010 0.0000010 0.0805475 
OQ816007.1 0.0071063 0.0144565 0.0071063 0.0215791 0.0107149 0.0035468 0.5466553 0.0474254 0.0440321 0.0588495 0.0588495 0.0588495 0.0513488 0.0513488 0.0588495 0.0000000 0.0551207 0.0513488 0.0588495 0.0588495 0.0142987 
AM944359.1 0.0557190 0.0534410 0.0527520 0.0602802 0.0579381 0.0569304 0.5770110 0.0698540 0.0378673 0.0169074 0.0169074 0.0169074 0.0489951 0.0489951 0.0169268 0.0551207 0.0000000 0.0492056 0.0033854 0.0033924 0.0519703 
FJ224118.1 0.0454016 0.0469027 0.0462905 0.0538588 0.0501135 0.0566839 0.5048028 0.0822066 0.0349600 0.0708682 0.0708682 0.0708682 0.0033816 0.0033816 0.0783401 0.0513488 0.0492056 0.0000000 0.0534558 0.0535725 0.0488775 
KF752610.1 0.0598909 0.0570544 0.0563182 0.0638832 0.0623052 0.0612086 0.5864430 0.0631033 0.0346876 0.0000010 0.0000010 0.0000010 0.0532240 0.0532240 0.0000010 0.0588495 0.0033854 0.0534558 0.0000000 0.0000010 0.0560770 
OP630530.1 0.0600201 0.0570544 0.0563182 0.0638832 0.0624450 0.0613435 0.5864430 0.0632387 0.0347612 0.0000010 0.0000010 0.0000010 0.0533397 0.0533397 0.0000010 0.0588495 0.0033924 0.0535725 0.0000010 0.0000000 0.0561973 
MD-T2      0.0168071 0.0000010 0.0067902 0.0136876 0.0139633 0.0172478 0.5506173 0.0549367 0.0376739 0.0764157 0.0731880 0.0731880 0.0451129 0.0451129 0.0805475 0.0142987 0.0519703 0.0488775 0.0560770 0.0561973 0.0000000 
